100035
100194
100409
100987
101416
101690
101697
103704
103740
103979
104132
104376
105237
105825
107325
109082
109777
111010
111086
113467
114812
115185
117101
117317
118050
121317
122089
122206
122622
122665
123967
124371
125040
126694
127007
127669
128023
128392
131100
131961
133096
133334
137672
139965
140064
141404
141421
141777
142657
143393
147509
147742
148476
149714
152639
152926
153256
153647
154324
154559
155010
155738
157270
157372
157604
157880
158097
158717
159678
160030
160417
161383
161958
162006
162730
164475
165890
166133
166272
167196
169046
172605
172621
174293
174320
176058
179095
179214
179510
180246
181755
183832
184216
185136
186349
186897
187667
188524
191863
191889
191989
192073
193314
193713
195555
196084
197108
198048
199304
199726
199989
203715
204529
205597
205916
207420
209498
211296
211459
211704
211811
212428
212858
215468
216196
216443
217012
218517
218815
221225
221244
221424
222451
222661
223830
224245
224422
225523
225671
227637
227839
228092
228980
229354
231727
232215
235192
236726
236813
237129
240877
241876
242256
242536
242768
245226
247666
249012
250838
252848
252950
254754
256401
256455
257713
257779
258145
259383
260549
262092
262710
265038
265516
267543
268518
268696
268838
269322
271216
271378
272549
273038
273910
273960
275029
275301
276548
276820
277832
278930
282152
282456
283535
286368
287368
287399
293022
293665
294710
295531
297394
297712
298242
298253
298443
298587
299586
302250
302256
302551
303180
304196
304370
306804
307211
307226
307235
307236
308490
309531
309548
311679
311958
315488
317027
317857
319141
320907
321007
322868
323635
324401
325351
325417
326838
327108
327409
327459
329318
330171
330244
331180
331674
332230
332386
333173
333240
333603
333940
335747
337266
337445
339315
339471
340386
340813
341216
342960
345146
346569
347089
347347
348142
348459
349761
350674
350971
351525
352653
354454
357498
358944
360106
360478
361535
361909
362177
363210
363659
363850
364711
364841
366292
367077
367259
368111
368963
369276
369568
370584
370870
371098
371192
371367
372097
372278
372707
373200
374024
375096
376123
377331
378652
380406
381295
381468
382031
382547
382841
383706
384107
385912
387338
388129
389870
390399
391868
391869
391942
392028
392794
393328
394414
394589
395563
398489
399982
400406
401044
401799
403327
403604
404143
404941
405793
406172
407695
408692
408782
409327
409498
411314
412540
412646
413371
414653
414731
415191
415587
415973
416588
416639
417098
417560
417739
418250
418359
418389
419731
422035
422239
423588
429955
430301
430762
430964
431146
431600
433121
433334
433382
433474
434650
434771
435193
435232
435252
435715
436222
436332
436377
436689
437748
437796
439422
443728
443874
443912
444350
445729
447047
449025
449134
449346
449454
449602
452569
452669
453811
453845
454081
454247
454850
455884
455979
456864
459884
460316
466727
467433
469647
470524
470990
471584
471640
472443
472688
473128
473732
473877
474464
474843
474866
475804
475864
475988
476884
477245
478578
478768
480058
480362
480597
480857
481626
483224
483253
483578
485132
485792
485934
486402
486915
487155
487176
488208
489585
491129
494006
494961
495709
496368
497049
497081
498099
501449
506314
506325
507302
507683
511520
511947
512002
512025
513987
514293
514695
514863
516017
516618
516928
518972
521804
522498
522511
523935
524649
524659
525042
525408
529124
529855
530505
531264
532053
532679
534231
535900
536084
538459
538705
538831
539051
540439
540800
541121
542571
543124
543281
544435
545302
545901
546034
548736
549472
549895
551775
551971
553760
553966
554085
555446
556249
556598
556883
556938
559599
560123
560618
560924
563915
564947
565076
566734
571826
572107
574232
575109
576214
580790
582102
583517
584932
585989
586119
586584
588064
588626
589290
589575
590001
590405
591464
591738
592515
592969
594891
595815
596207
596215
597433
597612
598151
599322
600438
601126
604240
605120
605205
606821
606990
607655
608497
609454
610823
612471
613553
614344
616214
620304
620424
620851
621527
621933
622292
622331
623374
623875
627899
629771
631767
632629
633227
634354
634549
634702
638836
639091
639759
640535
643447
643467
643675
644672
645156
645832
646859
647256
648412
648477
648833
650054
650459
650528
652400
652908
653591
655172
656205
656361
657638
657849
658074
660839
661134
661513
662550
662866
664010
664571
664777
664888
665273
666326
666572
668111
668953
669620
670199
671111
671230
672450
674118
674395
675974
676836
678009
678067
679158
679481
679505
681344
682558
685107
687301
687445
688732
688891
690255
692891
693167
693180
693323
695412
695843
695930
697063
697417
698421
700738
702044
702855
702882
703261
703567
705502
707921
708024
708054
709117
709229
709347
710962
711077
712782
714721
717603
717724
718037
718191
718716
719092
720140
721826
721994
722634
723018
723667
724143
724734
725182
725767
725799
727110
727229
728195
728916
729890
730664
730778
730899
731339
731403
731602
732323
734696
735697
736000
736437
736884
737042
737620
743041
744074
745684
747260
747320
747614
748066
748686
749411
751268
752501
752939
753897
758761
760141
760593
760883
761848
762096
762236
763900
763984
765815
766149
767366
768057
768087
771045
772037
772211
772246
773073
774222
776291
776737
777358
777960
778109
778821
780292
780491
780632
780987
781120
781531
781964
782623
783728
784936
785552
785612
785807
786584
786585
786761
787012
787782
787831
789554
789927
790574
791098
791758
792183
793012
793602
794655
794675
794785
794885
795346
796440
797416
798112
799273
799735
799787
800592
802265
802390
802672
803566
804366
804403
805001
805550
805887
806240
807980
808719
810023
813118
815492
816230
817447
817986
818006
819073
822663
822692
824717
824775
825509
825979
825996
826507
827443
830399
833229
833687
834521
837896
839331
839589
840680
842854
842872
844920
845214
845486
846002
846953
847702
848098
848269
849201
849688
851218
851825
851892
852481
852501
852514
852949
853269
853375
853391
854459
856383
857372
857597
859384
860469
861871
863535
863684
864380
865202
865899
868394
868604
868948
872123
873679
878234
878942
879098
881627
882752
883880
883996
885198
885200
885360
885453
886711
887905
888242
889180
889219
889734
890249
890941
894068
895057
895810
896300
896948
898694
898765
899634
899972
901041
901244
903597
904020
904183
905290
906077
908324
911765
912459
912619
913337
913876
915287
915699
916195
916446
917823
917880
918172
918478
919223
920118
921473
923014
923800
923814
927462
927807
928648
928804
929038
929596
929626
929963
932206
934021
934200
934228
935568
935815
936283
937030
937661
939619
940671
940868
942288
942771
942817
943936
945236
948467
948676
949041
950732
950973
951621
951642
954812
956895
957211
958077
958458
959215
961653
963371
964420
965193
965669
965825
966380
967261
968943
970641
970923
972206
972926
973108
974021
976133
976243
977182
979022
979914
980233
980393
980897
981495
982100
983235
983444
987256
987845
989000
989249
991199
991422
992300
992796
993053
993357
993771
996807
996991
997679
