100447
101869
102445
102462
104120
105393
106081
108619
109467
110396
112313
112415
113679
114783
114918
115679
115755
115801
115856
116364
117034
117792
119403
124050
126923
127189
127201
127214
127648
128077
128358
130669
131950
132755
133870
135239
136511
136816
137087
138341
140278
141157
141695
142058
142491
142878
143345
145170
145229
146022
148087
149267
150593
154224
156516
157735
157914
158289
159906
160132
161329
162120
162814
163303
164373
164692
164793
165150
165647
165842
166271
166473
167786
168155
168718
169096
169266
170798
171096
171853
173011
173644
174129
177170
177247
178171
178352
178873
179236
179977
180494
181740
181840
183539
184929
185498
185613
186767
187059
188303
188661
188692
189218
190179
191005
191204
192451
192570
193183
193879
196188
196616
196969
199052
199533
200001
201612
201618
203097
203200
203554
204277
205501
208332
210557
211907
214042
215250
215694
215746
215897
219765
219956
220097
221866
222914
223560
223944
224483
225508
226229
226596
228481
229156
229268
230716
232820
235113
235131
235178
235577
235682
235897
236025
236469
238169
239801
239878
239895
240274
241467
241532
242093
243466
244169
244775
246715
247239
248294
248359
248688
249044
251523
251573
252147
252706
252892
254629
254669
256296
256551
257019
257628
257643
259324
260040
260999
261108
261820
261972
263175
263888
264299
265136
266598
268566
269107
274288
274514
276525
277362
278278
278497
278781
279134
280621
281797
281888
283133
283317
283715
284323
284915
288337
288416
289255
289263
290011
290129
290186
290258
290690
291586
291877
293169
294427
294790
294956
295362
295513
297518
297663
298188
298303
299185
299739
299815
300125
301162
301576
302501
302507
305497
306417
308438
309978
310030
310691
314212
315722
316127
316657
317483
318314
318325
320117
321584
322151
322688
324144
324176
324469
326532
328757
329259
330470
331692
333965
336616
338230
340123
340328
340664
342752
343728
345631
346080
346117
346120
347284
348529
348714
349782
350344
351373
353303
355894
357319
358382
358595
362637
362890
363084
364551
364815
366449
366553
366554
367030
367769
367948
368436
370035
370102
370326
373370
374431
374762
377926
378875
379760
381385
381768
384880
385378
386050
388700
389463
389924
391122
391853
392936
393038
393055
393068
393451
393559
394191
394479
397513
397874
399905
401346
403485
403654
403755
404610
405018
406270
406666
408299
408399
408596
409117
409827
410359
411857
412137
413605
414265
415750
416426
416985
418068
420126
421391
421486
422331
422978
424392
425349
428965
430253
430588
433330
433578
434352
435112
435164
435750
436523
438289
440162
440795
441629
442325
443675
445568
447166
448701
449274
449567
451643
451731
452570
452916
456127
457485
459589
460369
460418
460457
460681
464553
465535
466399
466846
470544
471834
472237
472690
472967
473299
475164
476262
477769
478099
478947
479568
479884
481799
485666
485774
486198
486873
487132
488457
490028
490522
490972
491154
493087
493236
494076
494466
497060
497709
499182
499731
500045
501022
501497
501683
502902
502986
503138
504043
504850
505025
505292
506282
506852
506971
506991
507448
507653
508109
508423
509402
509871
511210
511678
512103
513471
514072
514214
515327
515606
517300
517335
520721
520917
522968
524604
526804
527655
528248
528563
528898
530550
530649
531017
531359
531745
531974
532828
533395
533698
534034
534276
535049
535114
535372
535773
535856
536109
536221
536421
536844
536895
537688
540149
540857
546238
546318
546696
546912
549246
549956
552015
552521
552555
554346
555832
556679
557579
558169
558661
561150
561464
561706
562445
564083
564101
565613
566446
567625
567783
571263
573238
573582
573607
574348
575092
576239
576771
576794
578158
578242
578610
579480
581169
581599
581837
582429
582996
583233
583247
583319
583348
587757
587958
588172
589098
589312
589512
591583
592343
595437
596207
596737
596990
597960
598272
599051
599406
601074
602422
602661
604173
604476
605810
605914
606488
610671
610720
612172
612744
612844
613170
614941
617677
619919
620232
620419
620841
621611
621818
626027
627741
627897
627961
629350
629859
630185
631133
631926
632402
633382
633559
634921
637292
637475
637910
638022
638116
638387
638667
638932
638976
639767
641132
641941
642458
642728
643260
643674
643857
643990
644352
644624
645456
645947
646747
648922
648992
649304
650031
650135
650174
650912
651012
652007
652271
653579
654609
656443
656730
658184
659500
660035
660286
660621
661263
662539
663151
663500
663805
663959
664676
664692
666211
666681
668733
669934
670050
670123
670132
672587
673729
675338
676757
677647
678731
679607
681030
681872
682071
682318
683095
683558
683666
684860
685049
685468
685578
685616
685668
686304
686551
688221
689005
689189
689290
689733
695987
696283
697093
698302
698447
698678
698684
700130
704065
704925
705017
707663
710111
710630
715856
718593
718880
719289
721020
722595
723030
723338
723601
723747
727352
729542
730592
731482
735980
736195
736342
737112
738178
739400
741672
741877
743333
743640
745357
745728
746086
746845
747487
747989
748330
752421
754877
755016
756571
757902
758678
759199
759501
761228
761876
762643
764414
765434
765833
766175
766485
768027
768097
768313
768717
771786
774009
774381
775007
777707
780961
781921
782686
784021
784637
785570
785642
786483
787610
789723
789794
789954
790549
791057
791751
792285
794008
794337
794982
795140
795755
796202
797702
798530
798740
800363
801256
801763
801791
802284
802559
803473
803670
804003
804235
805007
805539
805667
808714
808824
808845
809141
809492
809974
811467
812792
814426
815924
816745
818147
818170
819099
819577
821134
821943
824007
824047
824238
825283
827846
828313
829094
829552
829996
831695
831858
831971
833124
834506
834529
835533
835827
836340
836695
836784
837098
837110
837320
838230
839197
839888
840831
841376
841410
843211
844670
846172
847576
847802
848211
848536
850077
850462
850817
850979
851704
851814
853663
853794
856045
856194
857644
858984
862294
864023
864456
864672
865478
865606
865678
866060
868464
869496
869661
870660
871585
871935
874151
875000
875718
877741
877960
878321
879032
880616
881004
881081
881853
882599
883634
884343
885272
886014
886420
888019
890019
890251
891023
891330
892903
893428
894326
894681
899311
899876
901197
902389
903416
905394
906212
906347
907520
909137
910512
911139
911967
913116
913530
918367
918924
920078
920714
920720
921479
922525
924700
924788
924822
925316
926053
926522
928651
928663
931828
933439
935546
936020
936405
936430
936635
938089
939449
939597
940038
941905
942086
942449
943032
944016
944046
945760
946229
946712
947422
947886
950303
951076
952236
953467
954100
954604
954818
955548
955634
955952
956867
956885
957401
957586
957679
959778
960347
961230
962070
963134
964122
965404
967210
967760
968364
968375
968946
969214
969317
969374
969541
969777
969780
970281
971820
973236
973325
973541
974194
975912
976296
976651
977032
977136
977959
979023
979796
981768
984510
985242
986658
989517
989833
992925
993015
993391
993791
996743
997456
998394
