100184
100663
101885
102424
103833
103936
104512
104681
104751
105224
105255
107589
107625
110326
112839
112870
113174
114724
115353
115398
115511
115815
116776
116869
117402
118093
118101
120984
121404
122016
122994
123035
124436
124721
125263
125701
125909
126040
127536
128836
129736
130178
130321
130438
130509
130716
131127
131645
132518
132917
134350
136001
140171
141164
141746
143039
146599
147115
147279
148224
149046
149868
156577
159014
159589
159619
159875
160544
161610
162643
164325
164539
165016
165515
167173
168222
168252
169332
170560
171575
173007
173206
173389
173650
174041
174940
175678
176271
176352
176838
177026
177829
178438
178669
180073
180885
182380
182404
182871
184603
184871
185720
186207
186250
187735
188151
188880
188939
190037
191938
192470
192484
192499
192771
192948
195090
195282
195643
195661
195666
195712
201436
202127
202567
203461
204604
205416
206529
207115
207967
208038
208392
209497
209709
210561
212281
212699
214510
215422
215990
216009
216651
217425
218753
220202
220581
220909
221118
222578
225045
225427
225863
227181
227711
227905
227975
228464
229398
229501
230356
230597
231806
233112
233125
233204
233215
233545
234766
234953
236087
237454
240075
240464
240830
242246
242525
243343
244145
244587
244623
244966
245266
246070
246670
247530
248127
250023
251154
251505
251853
252407
252572
252864
253158
258366
259000
259922
260961
261459
263261
264819
266895
268376
269007
271935
272820
273479
273653
274140
274600
275992
276497
277337
277671
278012
278592
278643
279007
279094
281516
281653
282137
284477
284563
284884
285021
285193
288530
289438
290238
290998
291499
292585
292786
293932
294293
294632
295547
296125
297054
298217
302464
304490
306369
307805
308154
308962
314165
314860
318372
319255
319621
320666
321548
322295
322733
322781
323385
323700
324283
325069
325632
325981
326873
328862
329932
333201
333259
333499
333629
334276
334343
334676
334732
334875
339033
339064
340163
341354
341528
342903
343204
343266
344522
345876
346826
347045
348088
348336
349658
354632
354913
355886
355895
356861
356910
357794
359395
359979
360422
360571
360756
361774
362084
362232
362616
364611
366458
367260
369439
370288
371125
372414
373959
374698
376974
377257
377808
378763
378842
379724
380625
380753
381686
382329
384525
385177
386132
386815
387532
387681
387694
388010
389547
389617
389854
389906
390168
390187
390583
392270
392916
393298
393652
394704
395727
396459
397236
398416
398795
400257
400828
401393
401438
403057
403581
404565
405386
405623
405668
405790
406449
407725
407951
408029
408935
409766
410507
413619
415860
416196
416752
417039
417107
417728
419531
420558
421461
421816
421961
422520
424210
429774
429785
430563
431205
432144
432208
432504
432557
433509
434174
434207
434265
434462
434681
435628
437515
439843
440556
441707
444662
445671
449029
449691
449797
450502
451250
451252
453201
453559
455676
456772
457892
459549
461163
461432
462091
462878
464340
465300
465951
466538
466574
466675
466728
467568
469580
470354
471417
471855
474140
475569
475882
478257
478968
481656
481941
483251
483597
485293
485541
485642
486205
490206
491230
491326
496220
496356
496447
496563
496777
498533
499267
500974
501291
501640
501701
502345
506557
509573
511160
512322
513227
515131
515774
516410
517595
519347
521110
524346
524969
525098
525258
525866
526121
526548
527293
527319
527324
527911
528143
529701
531118
535388
535676
538756
538990
539434
540620
543223
543301
543360
545645
546476
546784
547462
548841
549805
549808
550122
551755
552462
553050
554850
555183
556518
557497
557827
557848
559352
560171
561084
561240
561407
561432
561555
561895
564850
565564
565914
567606
567663
567940
568283
569892
570470
571771
572212
572943
573445
574456
574790
579027
579543
580387
580567
581026
581187
581586
582239
583943
584037
584573
584590
586192
588297
588698
588985
591731
591989
592302
593097
593569
593603
593737
594366
594850
596593
596597
597656
598668
599742
602770
603907
604333
605146
606315
606677
606975
607743
607841
610408
614524
614845
619041
619170
620290
625514
626317
626725
628032
628064
628159
629501
632351
632587
634633
635112
635142
635326
635933
637708
639092
639108
639879
640856
640910
642053
643365
643930
644257
645477
646277
646479
646517
648807
649389
652329
653798
654439
654814
656255
656945
657000
658744
659407
659687
660719
661569
662411
664797
665350
667715
667778
667784
668766
669129
669637
671447
671566
672361
672582
672915
673638
678175
678387
679714
680224
681804
683317
683750
683882
684828
684983
684999
687787
689300
689874
691655
693330
694107
695059
695766
696419
697903
699115
699137
699349
699795
700890
700920
701443
702393
702916
703085
703385
704001
704304
705078
705304
705909
706982
707905
709004
709427
710346
710652
710713
712300
713411
714216
714329
716149
716619
716623
717938
718460
718580
719823
720870
721065
721647
722231
722884
724455
724988
725034
725214
725618
725985
726524
727196
728052
729703
730012
730220
730226
730715
730801
733028
733652
733842
734071
735483
735584
736528
737075
737108
738900
739827
740135
741334
741335
743249
743665
743796
744150
744496
746078
747289
748134
748704
749370
749502
749707
750555
753643
754176
754674
756358
756415
756462
757439
758015
759384
759607
760203
761579
764705
764958
765001
768283
769233
769247
771303
773296
773754
774663
775117
777327
778301
778393
778608
779349
780288
780885
781011
781256
781471
782992
783165
783209
783804
786601
787275
787507
787690
789830
790107
790573
792783
793666
794415
794874
795148
795299
796130
796634
798516
799544
800890
804237
805695
806829
808441
809216
810733
811051
811060
812599
812944
813226
818371
820270
821427
824329
825092
825801
826045
826476
828658
829349
829632
829819
830297
831031
833071
834316
835477
837304
837836
838258
840043
840525
840722
841618
842331
843284
843305
844913
845649
847786
849988
850094
851120
851573
852396
853119
853258
853426
853477
853812
853953
855423
856095
857499
857614
859082
859888
861366
861435
862334
862347
863169
863766
865889
866524
867917
868079
868231
868477
869724
869878
872001
872908
873941
874572
874693
875664
876814
877250
879766
880050
880705
883712
883728
884701
884894
885146
885601
887065
887283
889696
890337
896089
897274
897473
898048
898132
898630
898636
898881
898907
899163
901957
902444
902976
904128
905411
906484
910010
910546
911050
913661
913853
915526
916003
917117
917850
918796
919164
919171
919183
919204
922288
922411
923720
926590
926763
927386
928542
929112
930517
930949
931992
932162
932528
935825
936670
938090
940396
941360
941717
941944
942941
943888
944720
945328
946950
949568
950722
950895
953311
955114
955677
956589
957092
957609
957689
958955
959060
959880
960196
960283
961521
962103
962127
962176
962673
964686
964772
967773
968221
968776
969099
969150
969670
970994
971600
972141
972234
973108
973121
974206
974351
977199
979063
980190
980462
980467
980481
981251
983137
983137
983707
984180
984806
984957
986206
986232
989326
990495
990756
995404
995877
996136
996812
997020
997718
